$ANSIBLE_VAULT;1.1;AES256
62373331376266333866336636653035393738323465383065353039306365356533383362343435
3837663362383531653736373637633766643239373664370a316537633838616233323265616632
38313138346139313364393032383734343661393135353336613535326563626130326239316566
3137643133643733660a633262656339363837316532653538646231376631396335363539313533
33303164653136316364366362633061313134326535343836626366346434623739323639363334
65613763653963326437633633623534613330636337373037316335333131306363616335646432
34623836636336613437343836623031333463653730306165373930313939643737396331366163
35656465653136383231313165346333643635396137306636333034373366326565623734613761
35653037306262626266313437636136326530333935316430373636303661326331363135333665
39383838383664643238323132393830386333343132316338666161333034643231363861613137
37633537613538616231366164666437656631356466303661366463313262633531623335303633
39366337663238636139343062386265646162303263656161623031326538303365643933326561
3730
