$ANSIBLE_VAULT;1.1;AES256
38653766366235343133366538343734656366666263636263333835313331613965316332323933
6530353439656133643361323932623733663562323037640a353337383235623063633132386131
63303338313262646164363833636531376165303565613633363731333934313936376531323638
6337626533306539660a333036653033636337393132353633626131333833323630323264623761
39353331363530373964653631373033376432386161313633376633363435343138306131396436
63383935343432623065666133623039653265373031333264393962653530343036656566353637
37666566343632306563386537636337666465366562643235616133373165616261386635323630
34336539663933353836393038326430323932636134643435613032373439366631646565623666
37623333343438663632616563363234613564626231633138353433313632313061313335353663
30326134613961623038636231646634376431613862343266383763303866346564343433353831
34333534623535333463323565643365643234386335386239333032346661663166623332383031
33653339353536313362346464396566633136633130373761656566336133326565353535346239
3335
