$ANSIBLE_VAULT;1.1;AES256
36613230363233393030623064643735613533336665333035393365383630376661376331333935
3764656432386463383331393935386530626634383134330a326533316336633236363336306561
33356165323739623334656565633266393061396639623337646661363339316566373637663737
3335656366313361630a316237356564363933613963333264356661393031346165353665333430
38633336373561646161316437643830333736353061323064663834653964353637613339373932
37653966316266626262343265656531313339623462356465373539636362353231396562343939
65386634383738396333663239376539393264363366336265356164323961323761636664316362
63393335386436626564653532313164376236643934343365633734383937643138653632653361
30353761663030313363326134323433623230386631663966393637613031313063643434646364
39343737353835343564613865623639653463623664666430396332653362656539376439303063
36323031326565633862663738373934373233653564383866653039396531663633336532376437
32343237646435363739343233333334633261363262353835663964393130643231626365363731
34346266383666323933343563306335396536616330636162643833396534336264646532386336
65356631396231386162376562363838633036633261623362323737396133656163396132656632
63663833613938313537633136646262386238373464656233643639303638626239323063383635
66663362623864323239333630323531623266656663346264366665383265633261323331393761
38623139646531333765653165666430613438663836643364383864313135376664643865656333
35316435326237343239376432356363636466646330366139346430616532303064383434333865
39666266353937666261383830313530343462656537643237633534393661303637396530626434
39386661303333326362623362323731373761386133346138653837663137376639626366616531
61303166653466393439363731313162616435656232356466646138373434666638313239313839
37623932616333376361313462613739303761646166393966303335363762326637306137306633
34393265326231343862333839633263663966623635323465356164306434626662323839303062
36313037386637356261366165306335353535353437343938383437363864333737623261323632
66623863313034386436666439623135386534313835626333656534343366646562323437653130
65346337333638623135396236356337656435626632383935383436613262353034346662636230
65336433643630316164326431373738326531316666313931633132356331653935643937656661
66663737313038356238663130376663626137373535646366343062643230633737303039623665
34653038643732376132663962373763646564373735656666343935353836366261373232616663
36333333393231656531366335626263626332316537343034376230353566333538356236346261
39653634373665336631353735633462613935646666373765376633336561393362313931316364
32336133393136636562653433643966366562633938356462666637623438633536366163383662
61303532643936396135656236333264623366633861303232663434313232646235636638303466
35316235383866666235613330656566363235393334343530343036316537336434643361363536
32326364653365323738386365363265626135313461643263636338616662303362376464613434
35643839613565653137326438656536653864313536323662663935613933623834623732373063
66353032336262353039653235663963303236633062643533393031326436316235313934633732
30323461313333663833373063333630323661366631636431333430373734643964333862373830
62386330366364613065656265373363393536616364313461666437656461386335303033353934
35303065653465626532666534613630643339663831396661343066353032643761303462326334
61383664343136663130616165336134366230356262643137613338633535656165646633633266
31643239333066363165663439356137316665313137336235643233346430383432613061656165
34636136623762623133393735653636303061313332633133303663336130366230623831306162
34613266303464623035333862643234313536653536316432313834653166333236626365316137
64633566306432316563383366353438323066336133613238663431346631646662306466363366
31623765326437613238656434373831343862353431396436386636663662306339323333626664
33633038643064393230303333663761643461653462346237663434396535393665663634366639
36626332663061346433363937666235653830623938653733316561363165316634386534313263
34376132336234636537646633653364643737343066646236323838353137646430356561323962
38633930306136313732656532313530366337353066616531653961336332353631336361383432
61623461616431393730626637386561623233313734623838363935666131316463366365396433
38663161616632613964303738373332376161613632633237623739616135393862383362376166
65623535396134616339323265363362316262363131663563396462623463623364373535383264
35313232393462623466653934303464643266336466633766333430356262653135353439316233
39636534613938376261323061323265356433336133313738313039323261313165396536633333
63333938643639303631343065303766326433386266613130353763613237323234306234323530
34633565616464353666313363613831393536303761343832623838353333643434623939633066
30366639323764383735336634643866643861343430393532313063333334333066653234343561
65393937646263323637323139356261386138333264663432353038613261656462316363323938
39366336353966623636363866323533383838666264383064383562633530346566303633363430
39623436366134363835323261363538336432613837653965386535656437386434336536383436
36636430386161306538343034363933353636623531343730663566363431333830656465356561
33383830333265353931626566323366623438643731643335663235646439663432666638636331
61373962656461333732633863383235306431393133626639353165383462343737353965313061
36663433383936633534666634313261303263366332626438306132306239626464353634363762
31396633646639633232303336336236323336333531653633326330386234326330643435333032
65643266373963356330656635626434306361376335613030306662643066356534616466313430
38306163666561663831653136663738333735316537663533313862636634383033363938623031
33316161363861643066346437353262306437666334393664336565373664656264366564356637
62623839626639386637666238323532373237396534353631373763646465303438643864316239
66653966346630323465376561346433323938353466663538663537373832336234383237396633
63643161653732306166623966626566633061343665313038363262326234623937623736373062
62393139373361623363306233353666343938393633636536636235373034643462663435383563
33333763303039643533626266343730323031643238613136393938393664393963343437336166
64653134303138336139363936343566643737323461343535366435623037613738303839356563
36346366366439643130363964366663616332613062613938303466666163326563656364396330
65633839343165366636383338613463323631313036396533646232623232333132396264353363
32373038666632623733306564613037396237303063383166386236656263393531616637333763
34396431646233336532663362653362333931306665373439616435623236393835323266663666
31663462383439663938386533313735313430386135663363373734326332386138613035373035
63393038663535346332373261343432386134656361383532303065323165623437646561393138
61663239303465663530326165303834326434386565656266363966616662623036373438633766
63333934366336633330633537633166363839303166653336396663323533343663643134613633
34336531333935633031333039636362616264366633393135336337373831643461623161613863
35663833396635353564626163633663643863653562366366623865383166623337626537353562
64306230303133333636363638333463623939633564333134343338346366383035656661343861
31303037343034366661323462363330613933366539303733313833353736643764333530653864
39316436373164663131363664346663326135363931386164623661643539326638626164326466
63333662303730653938646563326137376539656137363961616330623138363762663462346331
33353561393563613037653739656533616664623733616563393932633234303362663337386337
61323066366563653830633631303734323438303634363565636636643231336663653465333664
63643432313863646234653330316137623437393866633936623830633166623833366534643738
33666363303632316662303839336139653263656136613338653066633661643435313933363636
33666466646539623131643335663463333134386161346234646165333931343563363432396437
38363864393939373731356465306261316636626231323164663064613431633633646635613336
62326137303062636138386338626265306535326530323333653261353862356336333664383735
37616636336264396434303436356663373737633364393636313633646235323463386162613634
36373931306337383661643938636535636466653330336662623437303061643838376538316438
61613230636263396266323661636366353765373531303264663533356266333732616335663136
63383333343237363630306632616362373335353463316161336265316662383835323735616464
35663436616432353464343236653033623831356136633538636139326332353862303036316162
32336532386339343931363638656238616166346136343333633930333934343138383237666465
33656135316636636233326262333062646435376334326531383532316237623361343837363930
34663830613733643034353265313961323931633539666632653833383864343739373933656130
38393137646235313131313264373430643463663430343936613534653262346537333735336533
37616232633766326266366639353939383963666565396530363936353037623766363138643065
61353933613762346639303339613232396630303233653436663764373766656330616338366661
33303536633438323938643838343136633264313363616439633339643232346233356636653363
62306461363939303634373531303363646562636233323438333463303633376264396234313864
38623032616363656133663034316233346434386636363134393837376438653961356463326337
61613365623037616563653437393063323834363864663331383432366166396133303634353764
31303930663135613532346432626465323238653665393037346139313333613139656530633835
31393639373961626136336632326566663664393633363730336262313832353138666335386337
63393965613966643837376530323037633066666639633235626537356538363537313062326232
35353033623138666237363462616565343235386365666337383963643562393436346461316435
66346433643535383133303361643161373636383432663863303163396561626462623061646439
39353333393638373762396164393465396635646266623834376232393664313066633138613038
65643433633566323836346536373633663839626561373930323262383262656266306236623837
37666337316166376234313663303136396438396464353932326634343035626432363433333038
37623836333565663330336432376231353365653463363131623966633063613531303761663733
66393937616237353135613736383631333137306462646431643866393134333132333136346161
33316430333165393934666330663633623133633865313839326564343534636330633338373166
39376565336665306131353865333865616561356664653161303966633434336536303336646563
31396230363039643633343338363830623836346365323962303538373834613332353235353131
35363639353731643466373732643166353466316562626432666462303139396463656634626363
63376238343732373837326231313562326561373166623261626361656337333736386637363136
39313635396165333033643064393032333966613536376464653636633433323036396135343966
61353430383032623733626432326432393732343664383032306463386337613435626361643563
36336661383434363239393634633362626338303230633065343439656233663235383639333538
32356536316466363964653830643732356535393361393362333137643963373534316338653761
65613636373334353038396365346135336531383535643261666431326162343437303337353463
39336461666238326139346132306565313535396331626462343664303336653962356363393437
65346634663235373439306165363830633666613061333635316665663866303334303832376462
38336462376431323532316133376264613635653761303138333733323933346433333732336335
36613365633031323665356463656262306534636239313763323266383830386134363537316363
39386432643331336662383236346261663762333937633939656461363462623566333666313330
38343939653531353333356433393434613638353361383137363833636439346231623763656261
35623463393630626562336663303737343165613661356565626561663831313035396637643235
37323736613162393532663135356238326635366232363539323934313239663639616363333539
63303933613739623233623632366163343465313332333930383934303063343966353961623638
66393664643363666638636564393436333430326239623162616665353063386534616537316331
61396330366161386439336234323233613665613338346366343230633361393836663638333563
38616536353765313331336431323034353231383536393737353833313666633265383631663739
62363266396461383337646465306435313531366362333161323538633164333634396539363731
65616663633235336338643038383764313432616563643635623235343437653332626136663330
65313364343537646464326266663337623434393938323561333665343833303363346535306434
39613039653562326532363133303161663664626435616337633365393438346634623237633434
35386463363962643862646263396330623663663536303834666365323836383331663737343934
63333636313339333534393032316665306537383562653830653464303637323662356266366334
34333131343438353935343462663263666638356434613438663133613766643033613963376637
33663934636465376365333732356238363362363736373631303031653064656438616234383339
34656165636331613666313737306438386163303631333165616137336562623830316237653063
64613632363639373338343238643430376133303965323939313463613032616533663735353166
36663262386134623230383532313863366436653638333166633963633535353066383062313431
64336238376664383734386533626535313632323630383061383937663837353532613536653263
64643462323035323531306636613335356532643830663663336330336665383766393033656163
35323563333732386566653931343061646137373331323639393732346537666162663734373039
31633262386363663939346530396539333663306532623931653232613639666230336530396633
38333761383230333065326561623837323639643566623038616539383736633565313564316430
34643265656236626333353330383738613231653036643866373562663064393762326339623166
34343633396663643330666561353864393030353732323334373535393962336263663235303430
65623530313766326532306561613336353939373034366663333836333264663935353331373430
33633632353038373362306139383137623634623832306263633530643434386563656538373061
61633431313263336138626632666461336261346535643339613366646238306162316463613935
30343262663861636134376637643531613939346563313636396262643462663563313462313962
30353436643432626465353061643339616436313464386634353630306535386663643435363538
34346630336535316336363939366638366534356166303133333135626230653530353263326135
31633632326436356139336564363863303064643439636163336162383932636533626431393031
62393964666430393066393663616633636639306532313232303233376334623966653665646439
62346261623036323361356465626131303137316232613732303865316363303133623463663136
31306134393635376536343039383231396465363064333231643461316436356665633333313634
63303761633066626630646534633433356535323835656335306538336431653439336237356561
36653462336130663731303462613235623466313333386533386363653936653462363263366139
39366136333236623433616436353066656463626139316165343262373065303966666165323663
61636133303262646539363733643932316134383263373931613238376537613561633265633436
36343261323766323736323436396231373261336631346534306130306366653366656263343133
33656330643538313137373334396636626236383664323335616363363962633963376237613333
65313964656462383030393531366331366162316562333936363636353037346362306266626538
35666533303662343638336536336666666566663034653339313538646538643330303335306561
33313635366633643966383231623230656566396364306466303732623436363733383961323666
39323431383139626536643365663736333331353631343164613630373537646234333436366539
39636238303666396432386538343463313662623366376161383563333439343264396563343639
37613436653737333836633566613539393834626661363534623432396664646365343731333236
36393331306131663564396533356433333964316531376634323334376630313037616163653237
62616461323931666130373062323765613031616237346333323961646462643730396365313533
64376363336137336262306666306664633735623030623662303331393839326338653030643039
35663663633266373830656639333961636536303834636230616336346538323032343539333865
35353364396337353962353932386539623939653132363962653464313139376230316162323036
31313331373139316536313361643062663733623735393763363964313362303037633465666130
63383333343764653664393531306462386533643764376463376530613065386435376366343938
38336562326463613932346135343238313631636339613637356435346535306136363264636231
30323233646565353334366465343138386562353363343736636362656637373632366163333538
33303732343839383731313538336566303431323332623738613466326139623966653436393966
33663066323266363337356331663766353565653234663765396134636436613339663231306565
32663936643338313930336363303239663363613762653061646130393865323464323730646565
65363366656334343732356637326562626662386635343461306136333132346534656135653539
30366236613637653766336162616564303437303832623464386637623161343165396637353638
62356532373132666466613561633635393234373165653361336237643632373135356662663337
36366231346663666331393134383664323130663735333331646533656634613631663531636663
30663739316265323833353161653064636262633466633862613332343737616532613831383861
30323437623761396434343331623933373133613534353738393230666539386332396463663939
35623266373136316536303465633335633064393633346139373031653163353064663239343537
33303039366437323935363264356266626339613664336166323933313834666536663063663466
61613262366661373264343237373264393930613332393835633266356562623264303933396664
62613933626130323664663437333965633633333832333632623237663366623634363366336134
66353038393635643565363566306134356634666666623066636361616130333836336132316335
36633962623836346661376266323536653036616461326431393265653665356565633737336466
31343365613564353866616666613935316534373935333961316538363561333437666230626561
66316431323638313030303737613862663864393235326163343235356162373261323064316664
36663563643332383361653834663035393532643738313264643839626532633930306263623539
36313736323334326439383265326435363233663834383237323532336661383936623663613033
62396537303630386338356466646135626137626565386263653735613865626561353639643964
33383163323532343732373866323362646261656461313337653238336534633139343366653237
30306366383739623733643866363231383335633431346463316435656437356539373035653066
63376663386137623264343665316364353636346163313865343163663734376466656436663961
31643763646230656462353634663838363066636162633734303435636230376135383064356461
61656163343830383762616364396366663761613931616266623763326363373833633137643334
39303038666565386530363433616434663362666333313630666136343336373632376138666637
65623637333065383664343933616662366161336331333464663761366231653637326434363163
63646636343262663062666636353336616138346162386466333332323532633533303435626235
32663866623638343764376331356335636630303865393639666530646463333237393862303064
62653636663237623265386366613333306465333833323237633065336661643564356337623933
34313464663035363231363863303966393561626133353465666462343332383263653430386538
61643664393661353963383932333933383764646535653235353838386631623233663561633132
66643738333965643633393335636361616638643134346132656365643838346166663961326535
64666637323563306137323338343435326338383063663533323335383939613061326336303435
37333636316133633965326633613938643763636133656437303831636465383536626464393732
36366131326531663262313536363064663438383430636136626133393637336661316238386162
66363865366336343633353934303831636539643534386164346533363735356436666132346339
38356335333134336239303466633462323461626361366131616264376238396637303461633862
65373033613631303066303038303232666234336364343733343361656566376635663030326530
30363634373662626666646464303938663639316436303833626132393238356263323233313139
39323836356264663061366130613663303233326337383464633838376662313261316438613833
62336435613933383165373964336631663139633661613430623831646338326562383037636265
32366363343233343962363532636235353036613261346264326133373461666634343133623132
32623263343263346133633234396361323066613762383336636235373539353235323062323164
31393633633762326463613437366162643236643764636233663831666461373464343839356539
30303530326237653838663137303762353234626134313835316163353436313532306232313735
66326236626633623633396339663662366666323264373539366465623734393330383938623035
36616337353030623539616463393531643738363430316332643664373530616535666536636261
64653963633138386465666635373831353630343238653666643433613634393131306436383938
66613233363633633737336438646536633863613066633162646530343036303238333130636330
62646564326235613334643061323739633437323963366164323463396561316534303061333335
34383862633331343163613063366335386162323730666339376431653332623437303562366234
62363765316337383635303661343232656366353132643463363463636536643163633163653961
32333339633931303262303930386438326635313333353935353766663135616139396434633766
37386137616335356564383266313164363062643335353032643864333931643461376332333066
31353338333939383934643932343665333833346132633937343961626438363935333238363063
64313663623363616136653336383931613632383638383937653166303562376565393963636462
66666435343761636439363236383661666466326430316164663035303461333264303466623638
61326235643535306562636330313566613262336436666261303166663738393134303538623864
32383231623032343339616134373730383362333337636235323264323833636138363463663232
64633962343039333233383538363038623239663935653062303061663566333033383165353333
35396335333166393761633931336634346536353562306262353232343433613961316462373363
32656332656630336533656235393062316239336336616164656438373636663861376331643836
65636533393634633035363233396635653364373338346336356535353836353764363465333964
32336538396537653039636463366633376132363164653733313432363135646130386464383938
61346465343466656565626234356230373265303036356532396365636335366532663062656632
32623637363438323433653636386131386230353832656638343761393437343537383833646535
32626230363262623836326363346637326230613366336134313362366135333031616162616532
31363937396362323164333238346163663736346264396439346662353835316534303134626333
31613366663730363634386263326136313539313334313337666332616263613636386130343336
37633733363138376431373162366233383338303732366133653239646261353264333630373862
36656333623436626261653339373462666436643561636366326637643663663136313531376238
36653062613633376663633661306462343232303163633637323062656339333938376139313637
39633633643065383762643731646235396430353038333832666266663333303962396436373766
65626566353533363366393166313864393461333836303230613832343161636538393663346231
36336462313165646265323233333235336361653163333865313265656261373837646636663363
31306633613131333265663232653965323934353434306233643634636562366439323761666533
36346130666237353534346637626566306138353463656361633862333536376164656666336534
39663235346164336634393138613834633266306530393930326663366166343761613430313661
62323061383030663530666562333466613231366234643831353961343337313163653539356566
66353163373664626166626132656232323437626437646337653962643063363136363938633436
38643962386264396439396637326237363862363635613135353336323662396462303338643134
37306335303165383730393036663237623436626562366637373439343866373630666234343866
39363063376561393230636437613737396139393734343839366238643337393631333964386630
31613163633463633431373362336638616636636634306465636330396136373534343730346239
61326139373936383430353437396262323830316133623131366466326330663636666135353630
62363935393034306362313330613733656665353262306234346162333530386361313030626233
38646233653764646135313133393931623232633737623636626133623931623632636232343964
36303038666262363030386630353565396465303562623431336633333865316563343837623930
65623532366431623438386538346265646261356637373065623831363164346537366463396239
35393265316133383734353632653761376334303231376139633935346636663032393561396135
39316337633166643565313566663464663263323035316330366661643566353337333861393865
35623531373537346261333866656162313338343039326662306337636634653534383565653038
31613331313931396532633938626233613964303666376365303534643638616233663564386664
63623731323233376431613638623866363764393030626638616664363034303838303030646464
61353166333435653162663033376561626634323830363330663334666461643561643834393335
39636466353737333162383462656463623363336339333039613865643430623364636637363034
64323866623434316462623334353566373966313239643966306165316563383937636437626461
61633731346163636266363735376263313433643238383239653263316635383462623536396230
65353339633033633330303564643161373262383334656539643435636430343838323431366462
34653266316531636162383466333734643764326337303138313033376131336135373161336530
39386236373431396539346632666531303561646631333336336433333765643864373863633363
62306131393637323962396339306236643336653834383263313634343635646361376332386465
64636133636239653838613961353731393032393838306531613165643830303434633436323335
63366232653362616532323161343232356630363731363364326363383063643964653161613264
66363731346535386236386231346462643836313536666166653330616430656166313265303063
66356361363764643861313465653665313134653835353366323038343963643134666564323134
65613136313832343432633030653461656362386665623835396663333736343465393532313630
33376564323666643737306164323136336138353966653933313534313633663861396263376534
32623537336134303538363065333038643831313439353830336136663939303765373664616237
65623834303561383766376335313630623862306661373162643834313463386432613566336461
35626232303932383230313433663535653632663837363132383662373537656162366165303062
33633866386137653732626438373836373134316133323664343139613331396239396661303861
35613931646632313138336562633439626633396166353866383533653838613131373464663835
34653337633836633331326237333965633765613631646362623361663262616631613732323361
65663732396234626561373731326161383665373939366164306463303036386261636133633863
63613936666239613464373833373736373734326435306239383739386634636632326132356566
37653132323731353033396464303831333737306136353662313133626132623130353761613163
35663438316664623133373762343734326632646330396331623238313835626665633231653761
39306239666366316433336237616631613437633530336461646238383035316364376630666333
33356639326535393762383735663261643432336461396462613862656138616531613535366238
62646230383465363830303532326265616466633830613665663434623636343439313262363932
38646334376562626330646436653161373466656162343163333831663239643530326230343139
30393230393337613230336263663534643132373161313631306539303738323662306363623337
65653835376235386234616233376533346361336432613535323334356634653234643564353135
65623564633761666636303966363165653064383265333535313930343865363166343434623731
39363931303962663362323961613833363762626164353431333631323531646234363333386462
31653463363236633437383363633137386133346463336462373532633066323138393638393432
38306664343564373937643163346566313337613737393439633764373836663466353839396466
30346666383665356238393436643838383461353734336235393034313061643030336165666334
62353836326165666165303665646162633932623062613937303061613064393034356539623836
34313636316133306538383138323764616564386439663038313161646238643061666137363937
66653735306234373565383361653136323937316630366463396162353332333062666138353731
32613833656339363237633038313338616531663635653034343938363965616564663439326231
34326434323134633464663037383831626161396130373664373935663163373065323866626537
35636364346535393934663138323761316637316264313438333364393035306461336536656637
62626438626664333037343234326162336261633338326234616331313765653066363966626435
63346662623466373465386233343930346336393963326466333839383933353031343938643732
34636463663536386631326261396139346165313431313736626465393263313661653461383232
39353837646365653662346436343466383233613564646365316264396361396230343833663333
66383935366564313432636337313832656131643763303438653035303962303339366433333731
34343436376338323135616563353861663333346336346462663562323063336466383462633233
66633764366634666134646165366235313264303933363336666565643031343430613339316533
34343437613935373566613162326664333234633138343338373633313237353062616566303130
30363164633461313461666639353633626536353131373436613436396633333262396233653438
35396635306262363130323136323435333131303334636534613631303032303236656366613532
64356330323938336263623336323864363939346430396532366666376631633233356437326631
38353764386633316638383461646230363432623438316531366666303033643133353661333961
38313133333938313230303766333437626537376339613431626639363038636164356565306137
37356131316334316533623439343734313935653535363831326634396661323237306464356435
33373638636532336464383263376364613965306462333965633237306363336361666364306430
31346365306239663532613363373861373265386137323565663430353937343066636162373531
33366131646636616637636432343635613666653237646565343235613838323236633764386632
31636238616661623865323766366139386362313032353732373634643562323338656638323633
64356335386338336166316633343830326233336236643037353130616434313866646430366532
38326465663235386437316439323664333537323238663138323863316663383932323532383666
30346634396263343263323961353330373234653236303430376365656333343662366236616663
34623330646663666164613536313131303438373132663039343061393835613461393836366238
34313936653461666437383861633330386432346533653834366635613562643638626164363561
33363735376632653762356364373130303063633765323735386133623837666333386136623264
31343636666364323935653165623632366664326637613039333937323436613465373464343039
31633866613534623333396663333938376163353035383132356561613834333439643736613839
62313532393633333635386164313334306330333338333663643938626531656266656664656265
33386537366235333333303439353231666663363532613135303934366235373432646530626233
65353461326333613539663435306537666237323065333862366265366565346361396234386366
63366434346332383935306634663063666339363939663362393962333738306662636633373731
32653532386431646336363436373562303266633730653533346165643138393566643264373937
30343832383134643831656431386461323263386234373232326530666166373731623066643638
33393562353862616364653064343865333038326331333331346638616237373037646231356635
32316161336138613233633234616131663132666265373031356263613937386534623933386238
32343831386435336632616630356165303165353731643231616332393936633337306662623962
65376334653833623566623466623363343237333431616231303062313165326436343866663138
65343930363166313730643135386536313033613735393662646635343430666336333764646365
66653462313166643433333134386530343834363737386461373534313139653538376136333838
33623363323633626336306365623030653164336531363030353732363939346230633437353531
66386139373134323264333133303832336439653130376133663562303639396432323531363332
38363037623566373935623535646532626632616361613539346131366363326566363838393537
65356363313031343561663839613538666130396364616362353835653430333131343463653439
34323663336631343763616233633861303665376431383534336330373834343166383331633561
63623236303861616139333965306133613035363734353336386465373336306365386534353339
38643362383065636264313833346534653965383761343437343835323862303733333863393331
33306339376234306336356439636230646234633630326531343633373463653962373039643664
35316166616662376463326533346562356332336665373461376633396565376461633465643463
61333335333766366632326336393466626430353164326538383664633664383432663738343662
61656433373662616434373832623633343862346336313961656266383762333138636665306466
66333862356637393939396632646233633038313537666632643132323734306532303932313132
61313831383166393134346539656166346464396237373431396330323863393263313136393438
38393866383265333466626262653166616635393334636439343562646364363336326531306664
62363530613234393537323830376530343431666133393665636666623337393361323162616530
35316532656436316137656563653238373636363464623362383662636133636564363632323738
62363335326633383461333635623833656338623636326637666164373835336435303833313730
35336265616661366131633163626534316437656566663233363139373330393264663166386363
65303533346433393062623536386234386330383930363361363932636139303961333631633038
33663532353033623864393464353939333733353635383562663961636636316134303166643564
34363563623136613732666265336262623063613938623761343931656535303535336138303039
35313565636536303061633461326432633239343731373537336533653337613039646538646464
66363862626232393265653533623536366330613835373237336334366463353762653964303862
64343261633936633539656132316164303666366562333935343365383639646431656138383463
38343232303762383036656264383563386432623266666564366433383435653863656139353530
65316662346136653531646261333037393931343738386439313332326463393162393431336430
37636633373465396338653836396431653233653734306265346134306634623635373164343635
33396338306238656262666266383333336232383833376133653764363962636138343933313334
39363463623331653932356666653764373336313933633238613439346532303366386434666338
34323764626132616462
